3313752492
2915766282
4269410832
2662550872
1624700444
3014961694
2348097567
3400414241
851910692
1138851367
499791917
2473080878
53115955
3020164662
503589434
53299210
767751865031241728
740525766308306944
16111173
2718385225
634113614
17102435
2290584660
1151114328
609366006
260816988
4852183138
174028900
82854503
752145580852379648
2334199917
1155310190
2531851379
1569326526
38457464
329322619
302067838
782773376
2738824327
3306706574
155358351
1601993874
718829203
555591317
358936214
41455256
771939481
67946651
497287325
3191626404
839537195207835655
200169646
169569956
41049781
25243839
75701442
124694049
330340556
1922129616
55864025
390947037
1258384165
803825329576046592
43365602
770202860
260757236
3033732342
1319600378
4878187259
4220244734
3140905730
17010436
64225544
2407770378
29842699
17601922
344941327
1295966480
2921089298
1423793454
3246901465
531866906
1628849455
32466725
3114216750
723690799
2850405682
2819704883
271750980
2924872525
208748879
3259732304
3509101394
212779860
282398549
1253011800
393148251
1906975290
157474144
2872534385
867256194
52144516
1062550410
2850410380
241676688
469640856
19094933
764263487946096640
737584536
778418648083861504
235656612
1571632549
2359905193
514790826
3562310059
803294040116629504
2570009496
732266420
3316555703
1007930809
1632229310
2882781631
560825796
322330565
150912966
375329736
418957769
2437845450
826617012180938753
557332429
3168109009
40267223
229726168
306563748
836265780929052676
1621905378
371782628
174665200
755676690974515200
2181200884
813183366329671680
786245339535716352
137901052